0.645161 0.146154
0.273504 0.764706
0.566845 0.642487
0.083832 0.027284
0.082019 0.311111
0.509615 0.025197
0.575758 0.535211
0.545455 0.002184
0.758621 0.008105
0.445946 0.707692
0.006829 0.001974
0.004851 0.004130
0.482759 0.136364
0.220318 0.020979
0.181818 0.388889
0.326531 0.571429
0.530303 0.232558
0.333333 0.004086
0.676923 0.320000
0.562500 0.604651
0.585366 0.331183
0.631579 0.108434
0.002664 0.629630
0.021930 0.425926
0.442308 0.947368
0.101695 0.363636
0.800000 0.078125
0.322835 0.002496
0.001924 0.205689
0.144330 0.410526
0.740741 0.617284
0.600000 0.057143
0.142857 0.277372
0.022857 0.552632
0.701031 0.526316
0.745946 0.454545
0.911765 0.231884
0.810811 0.552448
0.003221 0.007583
0.500000 0.242424
0.853333 0.040000
0.011730 0.230474
0.745763 0.476190
0.076923 0.721519
0.888889 0.678571
0.206593 0.771429
0.538462 0.746269
0.500000 0.624390
0.351648 0.297521
0.339286 0.012535
0.547368 0.020000
0.440678 0.689655
0.625850 0.902256
0.666667 0.016204
0.016997 0.028539
0.208333 0.794118
0.846154 0.023038
0.740741 0.728324
0.522876 0.222222
0.021116 0.295652
0.159806 0.636364
