0.085586 0.712121
0.709091 0.573333
0.590476 0.828571
0.014295 0.918919
0.241379 0.004274
0.013029 0.010671
0.500000 1.000000
0.001096 0.000967
0.004098 0.628571
0.589744 0.009434
0.001002 0.111111
0.002087 0.008174
0.093750 0.222222
0.010889 0.370370
0.264151 0.015038
0.476190 0.002201
0.166667 0.444444
0.002065 0.558442
0.400000 0.200501
0.684211 0.071429
0.206989 0.001111
0.059211 0.337349
0.515152 1.000000
0.294872 0.800000
1.000000 0.053435
1.000000 0.200000
0.043478 0.126801
0.001254 0.504348
0.121134 0.787234
0.402062 0.586207
0.714286 0.166667
0.100000 0.438596
0.180952 0.240000
0.461538 0.381643
0.714286 0.003929
0.500000 0.088608
0.200000 0.018519
0.383495 0.129272
0.003815 0.295082
0.187500 0.655556
0.029412 0.512821
0.131195 0.681818
0.357143 0.825000
0.655172 0.441558
0.527778 0.174603
0.771429 0.333333
0.781250 0.006192
0.481203 0.636364
0.185567 0.893939
0.006351 0.309091
0.010638 0.617021
0.666667 0.878049
0.895522 0.011580
0.008343 0.698925
0.014611 0.200000
0.964286 0.180556
0.011713 0.642857
0.692308 0.615385
0.250000 0.937500
0.220779 0.500000
