0.500000 0.618421
0.829787 0.914894
0.704545 0.659091
0.298701 0.441558
0.437500 0.062500
0.380952 0.333333
0.575758 0.454545
0.272727 0.181818
0.363636 0.846154
0.884615 0.050000
0.066667 0.250000
0.200000 0.285714
0.250000 0.842105
0.285714 0.714286
0.736842 0.307692
0.714286 0.333333
0.384615 0.266667
0.190476 0.597222
0.266667 0.860215
0.541667 0.500000
0.827957 0.047619
0.642857 0.933333
0.809524 0.800000
0.766667 0.444444
0.900000 0.538462
0.222222 0.250000
0.384615 0.637681
0.250000 0.623656
0.681159 0.804348
0.419355 0.680000
0.543478 0.750000
0.040000 0.819672
0.593750 0.413793
0.688525 0.987500
0.416667 0.615385
0.416667 0.600000
0.275862 0.062500
0.987500 0.915789
0.615385 0.642857
0.342857 0.830986
0.062500 1.000000
0.947368 0.857143
0.714286 0.942857
0.802817 0.944444
0.950000 0.916667
0.771429 0.210526
0.714286 0.166667
0.888889 1.000000
0.750000 0.893939
0.473684 0.453333
0.166667 0.707317
0.714286 0.900000
0.909091 0.608696
0.280000 0.792683
0.609756 0.200000
0.675000 0.342105
0.695652 0.900000
0.768293 0.421053
0.200000 0.714286
0.447368 0.137931
